2.17319 41.38022 0.668 286.11 1020 87 5.7 230 20
2.16179 41.38896 0.768 285.94 1020 87 5.7 230 20
2.15899 41.38879 0.973 285.94 1020 87 5.7 230 20
2.19933 41.41814 4.363 286.02 1020 87 5.7 230 20
2.17727 41.44163 6.25 285.95 1020 87 5.7 230 20
2.21855 41.43073 6.445 286.06 1020 87 5.7 230 20
2.10028 41.35967 6.491 286.03 1020 87 5.7 230 20
2.08809 41.37732 6.889 285.96 1020 87 5.7 230 20
2.2195 41.43806 7.142 286.05 1020 87 5.7 230 20
2.07573 41.38602 7.856 285.92 1020 87 5.7 230 20
2.2081 41.45152 7.982 286.03 1020 87 5.7 230 20
2.08333 41.35 8.243 286 1020 87 5.7 230 20
2.06667 41.36667 8.87 285.98 1020 87 5.7 230 20
2.09472 41.32784 8.987 286.03 1020 87 5.7 230 20
2.24741 41.45004 9.641 286.1 1020 87 5.7 230 20
2.05 41.38333 10.007 285.95 1020 87 5.7 230 20
2.18333 41.48333 10.914 286.01 1020 87 5.7 230 20
2.08333 41.46667 11.54 285.75 1020 87 5.7 230 20
2.14079 41.49109 11.967 285.99 1020 87 5.7 230 20
2.03659 41.34357 12.071 285.99 1020 87 5.7 230 20
2.15739 41.49686 12.404 286.01 1020 87 5.7 230 20
2.28001 41.46859 13.009 286.13 1020 87 5.7 230 20
2.01426 41.36736 13.146 285.96 1020 87 5.7 230 20
2.01667 41.41667 13.236 285.92 1020 87 5.7 230 20
2.26702 41.48202 13.426 286.12 1020 87 5.7 230 20
2.00689 41.39317 13.624 285.93 1020 87 5.7 230 20
2.19297 41.51435 14.434 286.06 1020 87 5.7 230 20
2.12457 41.5159 14.962 286.03 1020 87 5.7 230 20
1.99505 41.42394 15.19 285.91 1020 87 5.7 230 20
2.01427 41.31405 15.239 286 1020 87 5.7 230 20
2.29451 41.49379 15.886 286.14 1020 87 5.7 230 20
1.98333 41.35 16.067 285.96 1020 87 5.7 230 20
2.3188 41.47978 16.233 286.16 1020 87 5.7 230 20
2.03305 41.49226 16.448 285.71 1020 87 5.7 230 20
2.18333 41.53333 16.454 286.08 1020 87 5.7 230 20
2.00123 41.30605 16.634 286 1020 87 5.7 230 20
2.21306 41.54026 17.559 286.1 1020 87 5.7 230 20
1.95917 41.39587 17.616 285.92 1020 87 5.7 230 20
2.32206 41.49804 17.802 286.16 1020 87 5.7 230 20
1.97187 41.44659 17.847 285.9 1020 87 5.7 230 20
2.08333 41.53333 17.931 286.06 1020 87 5.7 230 20
2.10942 41.54329 18.233 286.07 1020 87 5.7 230 20
2.26667 41.53333 18.289 286.13 1020 87 5.7 230 20
2.15 41.55 18.344 286.08 1020 87 5.7 230 20
1.98174 41.47534 18.586 285.69 1020 87 5.7 230 20
2.2419 41.55002 19.231 286.12 1020 87 5.7 230 20
1.93205 41.38676 19.843 285.91 1020 87 5.7 230 20
2.36524 41.49206 20.125 286.19 1020 87 5.7 230 20
1.97033 41.27794 20.524 285.98 1020 87 5.7 230 20
1.93333 41.33333 20.585 285.94 1020 87 5.7 230 20
1.9197 41.41702 21.157 285.9 1020 87 5.7 230 20
2.23306 41.57481 21.676 286.13 1020 87 5.7 230 20
1.93062 41.47402 22.235 285.89 1020 87 5.7 230 20
2.36996 41.5276 22.955 286.18 1020 87 5.7 230 20
2.39365 41.50961 23.187 286.2 1020 87 5.7 230 20
2.01667 41.56667 23.83 286.12 1020 87 5.7 230 20
2.4 41.51667 24.08 286.2 1020 87 5.7 230 20
2.13532 41.60862 24.954 286.13 1020 87 5.7 230 20
1.86667 41.43333 25.837 285.89 1020 87 5.7 230 20
2.33333 41.58333 25.85 286.17 1020 87 5.7 230 20
2.23333 41.61667 26.22 286.15 1020 87 5.7 230 20
2.02648 41.59886 26.542 286.14 1020 87 5.7 230 20
2.28773 41.60797 26.592 286.16 1020 87 5.7 230 20
2.08333 41.61667 26.675 286.14 1020 87 5.7 230 20
1.901 41.51682 26.736 285.63 1020 87 5.7 230 20
2.40114 41.55336 26.81 286.19 1020 87 5.7 230 20
2.28333 41.61667 27.365 286.16 1020 87 5.7 230 20
2.16667 41.63333 27.537 286.15 1020 87 5.7 230 20
1.83333 41.4 28.121 285.99 1020 87 5.7 230 20
1.89408 41.54372 28.93 285.63 1020 87 5.7 230 20
1.86667 41.53333 30.133 285.62 1020 87 5.7 230 20
1.81667 41.31667 30.467 285.99 1020 87 5.7 230 20
1.78333 41.41667 32.426 285.87 1020 87 5.7 230 20
1.81136 41.50352 32.63 285.88 1020 87 5.7 230 20
1.81193 41.23506 34.271 285.91 1020 87 5.7 230 20
1.82712 41.57009 35.155 285.75 1020 87 5.7 230 20
1.76667 41.26667 36.179 285.88 1020 87 5.7 230 20
1.75076 41.52232 38.091 285.88 1020 87 5.7 230 20
2.54936 41.5819 38.407 287.15 1019 76 4.6 180 0
1.7 41.35 39.413 285.8 1020 87 5.7 230 20
1.7 41.45 39.83 285.98 1020 87 5.7 230 20
2.53972 41.61424 39.929 287.15 1019 76 4.6 180 0
2.58116 41.59054 41.137 287.15 1019 76 4.6 180 0
1.72511 41.22392 41.279 285.89 1020 87 5.7 230 20
2.45 41.7 42.01 287.15 1019 76 4.6 180 0
2.48333 41.68333 42.141 287.15 1019 76 4.6 180 0
2.25051 41.76807 43.043 286.07 966.72 62.2 2.77 214 61
1.68651 41.53005 43.363 284.6 86 1020 6.17 238 61
1.67712 41.55423 45.132 284.78 81 1020 6.68 237 61
2.21902 41.79746 45.967 285.12 947.44 54.9 2.71 239 57
1.67267 41.20772 46.012 285.95 1020 87 5.7 230 20
1.90357 41.75171 46.339 285.12 947.44 54.9 2.71 239 57
1.63369 41.26281 46.815 285.88 1020 87 5.7 230 20
1.82656 41.72498 47.323 287.94 1002.24 69.2 2.74 227 48
2.09839 41.81112 47.677 285.12 947.44 54.9 2.71 239 57
2.66781 41.61802 48.853 287.1 1019 76 4.6 180 0
1.63751 41.57165 48.935 283.71 86 1020 6.17 238 61
1.63645 41.19829 49.199 286.02 1020 87 5.7 230 20
1.95428 41.798 49.228 285.12 947.44 54.9 2.71 239 57
1.65 41.6 49.425 283.71 81 1020 6.68 237 61
1.80476 41.74549 50.233 287.94 1002.24 69.2 2.74 227 48
1.6172 41.58098 50.904 283.71 86 1020 6.17 238 61
2.6889 41.62763 50.906 287.08 1019 76 4.6 180 0
2.28007 41.83831 51.155 286.07 966.72 62.2 2.77 214 61
2.22808 41.84789 51.62 285.12 947.44 54.9 2.71 239 57
2.55964 41.74833 51.742 287.1 1019 76 4.6 180 0
2.71667 41.63333 53.207 287.08 1019 76 4.6 180 0
1.55086 41.25357 53.744 285.8 1020 82 1 0 20
1.8955 41.82602 54.016 285.12 947.44 54.9 2.71 239 57
1.5683 41.19997 54.339 285.58 1020 82 1 0 20
2.28662 41.87495 55.26 287.15 1019 76 4.6 180 0
1.97095 41.86367 55.661 285.12 947.44 54.9 2.71 239 57
2.74135 41.64662 55.727 287.08 1019 76 4.6 180 0
2.63333 41.75 55.922 287.08 1019 76 4.6 180 0
1.53333 41.21667 56.4 285.58 1020 82 1 0 20
2.71888 41.69914 57.465 286.81 1019 76 4.6 180 0
2.28333 41.9 57.959 287.15 1019 76 4.6 180 0
1.87356 41.86311 58.522 285.12 947.44 54.9 2.71 239 57
1.75 41.83333 60.796 285.12 947.44 54.9 2.71 239 57
2.79036 41.67419 60.799 286.81 1019 76 4.6 180 0
2.25486 41.93012 60.947 286.07 966.72 62.2 2.77 214 61
1.87763 41.89998 62.129 285.12 947.44 54.9 2.71 239 57
1.46667 41.18333 62.921 285.6 1020 82 1 0 20
1.44032 41.16618 65.674 285.9 1020 82 1 0 20
2.84565 41.69993 66.209 286.81 1019 76 4.6 180 0
1.51375 41.73289 66.865 286.57 976.5 71.1 1.75 222 61
2.74508 41.80842 67.059 286.83 1019 76 4.6 180 0
2.66667 41.86667 67.566 286.83 1019 76 4.6 180 0
1.39861 41.14505 69.798 285.63 1020 82 1 0 20
1.67855 41.91371 71.511 284.92 950.46 54.8 2.12 249 58
1.37269 41.14286 71.896 285.63 1020 82 1 0 20
1.29152 41.36336 73.335 285.9 1020 82 1 0 20
2.93333 41.71667 73.418 286.8 1019 76 4.6 180 0
2.36667 42.03333 73.842 285.64 1019 76 4.6 180 0
2.63603 41.95617 74.315 286.25 1019 76 4.6 180 0
1.88019 42.03433 76.028 285.12 947.44 54.9 2.71 239 57
1.24993 41.28612 77.603 285.6 1020 82 1 0 20
2.89365 41.82688 77.637 286.8 1019 76 4.6 180 0
2.73922 41.96602 79.998 286.3 1019 76 4.6 180 0
2.87524 41.88784 80.953 286.83 1019 76 4.6 180 0
2.77377 41.95746 80.979 286.32 1019 76 4.6 180 0
1.2721 41.67003 81.148 286.57 976.5 71.1 1.75 222 61
1.25 41.11667 82.516 285.85 1020 82 1 0 20
2.84079 41.94047 83.134 286.35 1019 76 4.6 180 0
2.79281 41.97489 83.476 286.32 1019 76 4.6 180 0
1.21262 41.15392 84.053 285.99 1020 82 1 0 20
1.16163 41.37636 84.129 285.65 1020 82 1 0 20
1.84628 42.10429 84.294 285.12 947.44 54.9 2.71 239 57
3.03333 41.78333 84.332 286.78 1019 76 4.6 180 0
1.1701 41.26267 84.602 285.63 1020 82 1 0 20
2.82493 41.98311 85.858 286.33 1019 76 4.6 180 0
1.51706 41.99395 86.677 284.92 950.46 54.8 2.12 249 58
1.13883 41.21484 88.202 285.82 1020 82 1 0 20
3.06742 41.81751 88.739 286.77 1019 76 4.6 180 0
2.83333 42.01667 89.197 286.3 1019 76 4.6 180 0
1.18515 41.07625 89.249 285.94 1020 82 1 0 20
1.15 41.11667 90.358 286.02 1020 82 1 0 20
2.49943 42.16964 91.352 285.85 1019 76 4.6 180 0
3.07926 41.85869 92.085 286.81 1019 76 4.6 180 0
2.49012 42.18096 92.329 285.84 1019 76 4.6 180 0
1.10687 41.15612 92.436 285.84 1020 82 1 0 20
1.14163 41.07663 92.602 285.94 1020 82 1 0 20
2.88333 42.03333 93.236 286.3 1019 76 4.6 180 0
3.12912 41.84843 94.898 286.76 1019 76 4.6 180 0
2.76667 42.11667 95.169 286.09 1019 76 4.6 180 0
3.05 41.95 96.34 286.79 1019 76 4.6 180 0
1.05 41.13333 97.726 285.91 1020 82 1 0 20
1.05244 41.07479 99.638 285.9 1020 82 1 0 20
1.86098 42.25289 99.767 279.26 18 1018 3.08 202 99
2.69953 42.19893 100.523 285.99 1019 76 4.6 180 0
3.1631 41.91738 101.511 286.81 1019 76 4.6 180 0
3.14814 41.97102 104.097 286.8 1019 76 4.6 180 0
0.92457 41.54152 105.205 282.52 94 1017 0 219 75
3.21667 41.95 107.224 286.81 1019 76 4.6 180 0
3.12703 42.04254 107.916 286.81 1019 76 4.6 180 0
0.9 41.63333 109.267 282.24 94 1017 1.03 229 75
0.82451 41.54847 113.552 282.42 94 1017 0 219 75
3.13261 42.12562 114.656 286.82 1019 76 4.6 180 0
0.81979 41.14576 115.953 286.29 1020 82 1 0 20
1.92819 42.4316 118.006 279.26 18 1018 3.08 22 99
1.46144 42.35877 123.077 279.26 18 1018 3.6 180 96
2.63457 42.45654 125.124 285.01 1019 81 1.5 40 40
0.69382 41.64762 126.298 282.26 94 1017 0 219 64
2.66916 42.47289 127.75 285.04 1019 81 1.5 40 40
2.74804 42.48533 131.291 285.1 1019 81 1.5 40 40
1.49129 42.46372 132.365 279.26 18 1018 3.08 22 96
1.73361 42.54277 133.621 279.86 18 1018 3.08 202 96
2.80752 42.49014 133.653 285.14 1019 81 1.5 40 40
0.71667 40.86667 134.708 288.64 993.3 61.6 2.39 128 69
1.53414 42.50729 135.345 280.39 18 1018 3.6 180 96
1.52109 42.50779 135.818 280.41 18 1018 3.6 180 96
0.55008 41.23074 136.388 288.64 993.3 61.6 2.39 128 69
1.5767 42.53451 136.834 280.35 18 1018 3.08 22 96
0.71008 40.81235 137.938 288.64 993.3 61.6 2.39 128 69
2.83336 42.52424 137.975 285.89 1019 81 1.5 40 40
2.43333 42.61667 138.597 285.15 1019 81 1.5 40 40
1.59556 42.5669 139.66 280.37 18 1018 3.08 180 96
1.51483 42.54499 139.822 280.46 18 1018 3.08 22 96
1.53319 42.55623 140.397 280.46 18 1018 3.08 180 96
2.93374 42.5213 141.189 285.91 1019 81 1.5 40 40
2.9206 42.54325 142.896 285.84 1019 81 1.5 40 40
2.95708 42.53069 142.989 285.89 1019 81 1.5 40 40
1.13045 42.41319 143.016 278.91 841.86 58.8 3.12 216 90
0.70835 40.71944 143.204 289.61 1013.25 68.6 3.9 166 57
3.12897 42.48375 145.605 286.07 1019 81 1.5 40 40
2.97129 42.55201 145.63 285.15 1019 81 1.5 40 40
2.75471 42.6329 146.857 285.15 1019 81 1.5 40 40
3.02253 42.54714 147.13 285.15 1019 81 1.5 40 40
2.96033 42.57162 147.166 285.15 1019 81 1.5 40 40
3.08235 42.52462 147.413 285.96 1019 81 1.5 40 40
2.62162 42.67069 147.675 285.15 1019 81 1.5 40 40
3.10553 42.51792 147.77 285.98 1019 81 1.5 40 40
2.8935 42.60588 148.269 285.15 1019 81 1.5 40 40
0.4385 41.05375 149.441 288.64 993.3 61.6 2.39 128 69
2.97146 42.60031 150.427 285.15 1019 81 1.5 40 40
2.87116 42.642 151.23 285.15 1019 81 1.5 40 40
2.83633 42.65461 151.455 285.15 1019 81 1.5 40 40
2.69508 42.69203 151.593 285.15 1019 81 1.5 40 40
2.91651 42.63596 152.091 285.15 1019 81 1.5 40 40
0.5216 40.81249 152.111 288.64 993.3 61.6 2.39 128 69
0.58103 40.71308 152.791 289.61 1013.25 68.6 3.9 166 57
2.83008 42.66961 152.822 285.15 1019 81 1.5 40 40
2.79335 42.68101 152.958 285.15 1019 81 1.5 40 40
2.77115 42.69536 153.858 285.15 1019 81 1.5 40 40
2.98148 42.63874 154.624 285.15 1019 81 1.5 40 40
2.95309 42.65418 155.177 285.15 1019 81 1.5 40 40
2.82204 42.7 155.749 285.15 1019 81 1.5 40 40
3.03333 42.63229 155.892 285.15 1019 81 1.5 40 40
0.6 40.61667 157.059 289.61 1013.25 68.6 3.9 166 57
2.94122 42.68132 157.52 285.15 1019 81 1.5 40 40
2.8449 42.71176 157.632 285.15 1019 81 1.5 40 40
2.89541 42.69764 157.703 285.15 1019 81 1.5 40 40
2.99168 42.6679 157.906 285.15 1019 81 1.5 40 40
0.311 41.09434 158.766 288.64 993.3 61.6 2.39 128 69
0.49292 40.71542 159.15 289.61 1013.25 68.6 3.9 166 57
2.69665 42.77314 160.283 285.15 1019 81 1.5 40 40
2.81002 42.74969 160.608 285.15 1019 81 1.5 40 40
2.50374 42.80938 160.684 285.15 1019 81 1.5 40 40
3.01667 42.7 162.008 285.15 1019 81 1.5 40 40
2.93333 42.73333 162.562 285.15 1019 81 1.5 40 40
2.9193 42.7449 163.305 285.15 1019 81 1.5 40 40
2.9824 42.72637 163.471 285.15 1019 81 1.5 40 40
2.87239 42.76945 164.425 285.15 1019 81 1.5 40 40
3.03751 42.72498 165.25 285.15 1019 81 1.5 40 40
2.18176 42.87579 165.693 284.04 1019 76 2.6 120 73
2.95572 42.76036 166.045 285.15 1019 81 1.5 40 40
2.99292 42.75433 166.657 285.15 1019 81 1.5 40 40
2.98998 42.7727 168.423 285.15 1019 81 1.5 40 40
1.60332 42.84545 168.909 282.66 27 1018 0 76 72
2.9662 42.7855 168.951 285.15 1019 81 1.5 40 40
0.44718 40.59734 169.082 289.61 1013.25 68.6 3.9 166 57
0.48082 40.54316 169.969 289.61 1013.25 68.6 3.9 166 57
3.03565 42.78805 171.519 285.15 1019 81 1.5 40 40
2.22006 42.93225 172.018 285.8 1019 76 2.6 120 73
2.91667 42.83333 172.352 285.56 1019 81 1.5 40 40
1.84656 42.93127 173.914 282.07 27 1018 0 76 73
0.19406 41.91084 174.241 286.62 982.06 53.6 1.08 88 76
0.47559 40.47033 174.983 289.61 1013.25 68.6 3.9 166 57
0.33749 42.18885 176.223 286.34 973.56 52.8 0.13 347 66
0.15431 40.87209 178.21 288.49 977.92 54.2 2.99 84 61
0.42709 40.4165 181.844 289.61 1013.25 68.6 3.9 166 57
1.6 42.96667 181.959 283.77 55 1016 1.54 180 72
3.01626 39.87678 182.35 290.37 1013.25 70.5 0.9 259 46
3.02944 42.91056 183.766 285.96 1019 81 1.5 40 40
0.12686 42.03565 184.341 286.62 982.06 53.6 1.08 88 76
0.79556 42.70196 185.201 278.91 841.86 58.8 3.12 216 90
-0.03945 41.23402 185.298 288.49 977.92 54.2 2.99 84 61
2.22173 43.05487 185.652 285.82 1019 76 2.6 120 73
2.71521 39.76623 185.872 290.15 1021 82 0.5 200 20
0.40692 40.3574 187.205 289.61 1013.25 68.6 3.9 166 57
3.12138 39.85316 188.382 290.37 1013.25 70.5 0.9 259 46
1.62805 43.04514 189.839 284.19 57 1015 2.06 225 72
3.13291 39.84182 189.941 290.37 1013.25 70.5 0.9 259 46
1.8735 43.08773 190.823 284.06 1019 76 2.6 120 73
2.96506 39.7747 191.306 290.15 1021 82 0.5 200 20
2.90069 39.75504 191.538 290.15 1021 82 0.5 200 20
0.52305 42.60528 192.118 279.68 859.01 61.3 2.8 206 83
2.69955 39.69634 193.105 290.15 1021 82 0.5 200 20
1.64904 43.08162 193.391 284.19 56 1015 1.54 225 72
3.02394 39.7692 193.676 290.15 1021 82 0.5 200 20
2.57853 39.6697 193.91 290.15 1021 82 0.5 200 20
2.79181 39.70441 194.194 290.15 1021 82 0.5 200 20
1.6278 43.08647 194.311 284.22 57 1015 2.06 225 72
2.97916 43.02776 194.372 286.38 1019 81 1.5 40 40
2.8669 39.71849 194.511 290.15 1021 82 0.5 200 20
2.91093 39.7211 195.394 290.15 1021 82 0.5 200 20
3.04366 43.01991 195.446 286.36 1019 81 1.5 40 40
1.65275 43.10471 195.827 284.19 56 1015 1.54 225 72
-0.13333 41.05 196.223 288.49 977.92 54.2 2.99 84 61
1.15 42.98333 196.517 284.46 52 1018 0 4 73
2.84396 39.68744 197.24 290.15 1021 82 0.5 200 20
3.05559 39.73661 198.044 290.15 1021 82 0.5 200 20
1.6 43.11667 198.107 284.58 55 1015 1.54 180 72
2.81267 39.66861 198.508 290.15 1021 82 0.5 200 20
-0.15804 41.79128 198.782 286.62 982.06 53.6 1.08 88 76
2.38462 43.17363 199.592 285.82 1019 76 2.6 120 76
2.75388 39.64208 200.067 290.15 1021 82 0.5 200 20
3.00681 39.69933 200.405 290.15 1021 82 0.5 200 20
2.42017 39.57553 202.391 290.15 1021 82 0.5 200 20
0.28433 40.25142 202.684 289.61 1013.25 68.6 3.9 166 57
0.23333 40.3 202.752 286.68 944.48 62.2 2.21 147 64
2.89769 39.64598 202.993 289.7 1021 82 0.5 200 20
3.10215 39.70143 203.171 290.15 1021 82 0.5 200 20
0.59315 42.79079 203.314 285.47 923.78 62.8 0.84 155 78
2.35 43.21667 204.133 285.87 1019 76 2.6 120 76
2.44165 43.21064 204.151 285.73 1019 76 2.6 120 76
2.50621 39.5657 204.364 290.15 1021 82 0.5 200 20
3.08651 43.10759 205.791 287.34 1019 82 4.1 90 90
2.65024 39.56939 206.009 290.15 1021 82 0.5 200 20
3.073 39.66306 206.194 289.51 1021 82 0.5 200 20
3.01034 39.64254 206.438 289.56 1021 82 0.5 200 20
2.11341 43.24376 206.659 285.8 1019 76 2.6 120 73
-0.23243 40.94153 207.07 288.49 977.92 54.2 2.99 84 61
2.31892 43.24512 207.121 285.81 1019 76 2.6 120 76
2.76142 43.19764 207.268 286.26 1019 76 2.6 120 78
2.36552 43.25186 208.13 285.56 1019 76 2.6 120 98
-0.09892 40.61966 208.568 286.68 944.48 62.2 2.21 147 64
3.84144 40.00112 208.709 290.15 1021 82 0.5 0 20
2.41667 43.26667 210.136 285.61 1019 76 2.6 120 98
2.4766 39.50868 210.322 290.15 1021 82 0.5 200 20
0.1965 40.22033 210.659 290.49 1013.25 59.6 3.26 169 34
2.5353 39.5111 210.726 290.15 1021 82 0.5 200 20
3 43.18333 211.227 287.09 1019 82 4.1 90 90
1.67728 43.25055 211.279 285.37 57 1015 2.06 225 88
1.57398 43.23526 211.417 285.17 55 1016 2.06 225 72
2.89541 39.55899 212.187 289.68 1021 82 0.5 200 20
3.11312 39.61351 212.582 289.45 1021 82 0.5 200 20
3.34979 39.69315 212.976 290.94 1013.25 75.2 3.43 204 35
2.98189 39.56742 213.527 289.53 1021 82 0.5 200 20
2.58687 43.28194 213.619 286.1 1019 76 2.6 120 98
0.95866 43.10074 215.189 285.06 49 1018 0 4 73
2.75 39.5 215.349 289.91 1021 82 0.5 200 20
3.43357 39.70263 215.461 290.94 1013.25 75.2 3.43 204 35
3.07463 43.20443 215.486 287.29 1019 82 4.1 90 90
1.95449 43.31829 215.622 285.77 1019 76 2.6 120 83
3.08815 39.56894 216.427 289.42 1021 82 0.5 200 20
1.22862 43.20724 216.833 285.53 49 1018 0 4 73
3.05712 43.2337 218.051 287.3 1019 82 4.1 90 90
2.89108 39.49093 219.349 289.56 1021 82 0.5 200 20
3.13745 43.23095 220.064 287.48 1019 82 4.1 90 90
4.01181 39.98324 220.082 290.15 1021 82 0.5 0 20
3.02197 39.51434 220.219 289.39 1021 82 0.5 200 20
3.20955 39.56964 220.247 288.71 0 1021 0 0 41
3.36008 39.62073 220.544 290.94 1013.25 75.2 3.43 204 35
-0.38143 40.8921 220.583 288.54 965.23 48.3 2.34 73 69
1.53333 43.31316 220.614 286.02 1019 76 3.1 150 90
1.34686 43.27734 220.95 285.71 1019 76 3.1 150 90
1.08633 43.2071 221.266 285.18 52 1018 0 4 73
2.97124 43.28915 221.662 287.34 1019 82 4.1 90 90
1.2 43.25 222.105 285.59 81 1024 0.51 280 88
0.15 40.1 222.241 290.49 1013.25 59.6 3.26 169 34
-0.49592 41.42378 222.367 287.99 997.07 56.1 3.54 81 82
-0.44721 40.97655 223.689 288.54 965.23 48.3 2.34 73 69
4.09387 39.99014 224.48 290.15 1021 82 0.5 0 20
0.04325 40.156 225.308 290.49 1013.25 59.6 3.26 169 34
-0.5312 41.48846 225.447 287.99 997.07 56.1 3.54 81 82
3.17224 43.27366 225.518 287.64 1019 82 4.1 90 90
1.47797 43.35103 225.804 286.34 1019 76 3.1 150 90
3.12705 43.28962 225.847 287.56 1019 82 4.1 90 90
0.73333 43.11667 225.883 285.47 923.78 62.8 0.84 155 78
-0.51142 41.12173 226.052 288.54 965.23 48.3 2.34 73 69
1.2252 43.29857 226.425 285.46 1019 76 3.1 150 90
3.29032 43.24808 226.647 287.84 1019 82 4.1 90 90
1.71694 43.4 227.047 286.31 1019 76 3.1 150 90
3.04447 43.32791 227.603 287.48 1019 82 4.1 90 90
3.14831 39.4696 228.585 289.24 1021 82 0.5 200 20
3.13947 43.31424 228.763 287.62 1019 82 4.1 90 90
3.27712 43.27873 229.323 287.89 1019 82 4.1 90 90
-0.4087 42.13615 229.568 285.87 976.32 60 2.48 99 73
2.06799 43.45241 229.96 286.5 1019 76 2.6 120 83
-0.25774 40.42885 230.078 283.87 880.67 60.6 1.55 200 57
3.26024 43.29293 230.226 287.88 1019 82 4.1 90 90
0.5647 43.08555 230.62 285.47 923.78 62.8 0.84 155 78
3.1278 43.3359 230.688 287.62 1019 82 4.1 90 90
2.00469 43.45812 230.841 285.76 1019 76 2.6 120 83
0.06667 40.05 231.242 290.49 1013.25 59.6 3.26 169 34
1.27709 43.35814 231.259 286.39 1019 76 3.1 150 90
3.04047 43.36767 231.693 287.53 1019 82 4.1 90 90
1.23905 43.35398 231.833 286.39 1019 76 3.1 150 90
4.14039 39.93034 231.972 290.15 1021 82 0.5 0 20
1.59505 43.43636 232.854 286.87 1019 76 3.1 150 90
3.28059 43.31517 233.149 287.96 1019 82 4.1 90 90
3.33365 43.3046 233.82 288.06 1019 82 4.1 90 90
-0.63159 41.5125 233.907 285.15 1020 71 1 110 40
1.3892 43.41143 234.192 286.37 1019 76 3.1 150 90
1.61399 43.45454 234.525 286.89 1019 76 3.1 150 90
3.21899 43.34762 234.558 287.82 1019 82 4.1 90 90
2.37304 43.49001 234.581 285.72 1019 76 2.6 120 98
2.31686 43.49394 234.735 285.72 1019 76 2.6 120 98
3.3045 43.32352 234.775 288.02 1019 82 4.1 90 90
3.15642 43.36895 234.94 287.7 1019 82 4.1 90 90
2.94643 43.42238 235.269 287.52 1019 82 4.1 90 90
1.44588 43.43457 235.448 286.34 1019 76 3.1 150 90
1.26951 43.39873 235.731 286.41 1019 76 3.1 150 90
3.101 43.39218 235.846 287.63 1019 82 4.1 90 90
1.41667 43.43333 235.932 286.35 1019 76 3.1 150 90
1.56738 43.46072 235.97 286.86 1019 76 3.1 150 90
2.36792 43.50293 235.985 285.72 1019 76 2.6 120 98
1.35397 43.42079 235.997 286.38 1019 76 3.1 150 90
2.40786 43.50412 236.365 285.72 1019 76 2.6 120 98
3.16891 43.38462 236.926 287.73 1019 82 4.1 90 90
3.41774 43.31156 237.425 288.01 1019 82 4.1 90 90
3.51357 43.27796 237.63 288.15 1019 82 4.1 90 90
3.24759 43.36996 237.73 287.87 1019 82 4.1 90 90
1.39968 43.45206 238.306 286.35 1019 76 3.1 150 90
2.76667 43.48333 238.33 287.04 92 1019 0 0 94
3.47583 43.31083 239.453 288.15 1019 82 4.1 90 90
2.26392 43.53858 239.514 285.73 1019 76 2.6 120 98
3.05274 39.33831 239.629 288.9 1021 82 0.5 200 20
-0.58141 42.04255 239.752 285.87 976.32 60 2.48 99 73
3.12907 39.35461 240.015 288.71 0 1021 0 0 41
3.16667 43.41667 240.202 287.73 1019 82 4.1 90 90
1.22239 43.43127 240.387 286.43 1019 76 3.1 150 90
2.35406 43.5445 240.522 285.72 1019 76 2.6 120 98
-0.07025 40.04249 240.725 290.49 1013.25 59.6 3.26 169 34
1.35 43.46667 240.977 286.38 1019 76 3.1 150 90
1.76002 43.53271 241.092 287.35 1019 76 3.1 150 90
1.11702 43.41143 241.267 286.39 1019 76 3.1 150 90
2.11679 43.5553 241.288 286.85 82 1019 2.57 134 83
1.55893 43.51744 242.279 286.29 1019 76 3.1 150 90
-0.03333 39.98333 242.532 290.49 1013.25 59.6 3.26 169 34
3.42288 43.36196 242.653 288.15 1019 82 4.1 90 90
4.26583 39.88853 242.869 290.15 1021 82 0.5 0 20
0.38401 43.12517 242.916 284.15 1018 62 1 0 78
1.49864 43.51591 243.184 286.3 1019 76 3.1 150 90
2.01227 43.57202 243.451 285.69 997.91 76 5.04 107 83
1.36848 43.49733 243.834 286.35 1019 76 3.1 150 90
1.53596 43.53039 244.081 286.29 1019 76 3.1 150 90
3.36752 43.39486 244.093 287.96 1019 82 4.1 90 90
2.18333 43.58333 244.368 285.37 82 1019 2.57 134 83
-0.36607 42.51924 244.661 281.87 905.57 65.2 2.62 161 66
1.4824 43.52778 244.772 286.29 1019 76 3.1 150 90
-0.75154 41.63188 244.788 285.15 1020 71 1 110 40
1.38831 43.5104 244.801 286.32 1019 76 3.1 150 90
4.2899 39.8776 245.192 290.15 1021 82 0.5 0 20
1.31081 43.49801 245.225 286.39 1019 76 3.1 150 90
3.30032 43.42716 245.234 287.87 1019 82 4.1 90 90
4.25939 39.85263 245.265 290.15 1021 82 0.5 0 20
1.40652 43.52333 245.803 286.3 1019 76 3.1 150 90
3.52795 43.35618 245.866 288.15 1019 82 4.1 90 90
3.41774 43.39658 245.956 288.15 1019 82 4.1 90 90
-0.05 39.95 246.034 290.49 1013.25 59.6 3.26 169 34
3.46638 43.38301 246.29 288.15 1019 82 4.1 90 90
2.25 43.6 246.306 285.37 83 1019 1.54 135 98
1.32523 43.51482 246.678 286.36 1019 76 3.1 150 90
1.53411 43.55402 246.679 286.28 1019 76 3.1 150 90
1.47491 43.54618 246.903 286.28 1019 76 3.1 150 90
1.34102 43.52316 247.208 286.33 1019 76 3.1 150 90
3.22338 43.47095 247.46 287.77 1019 82 4.1 90 90
-0.2 40.06667 247.762 290.49 1013.25 59.6 3.26 169 34
1.34428 43.53635 248.543 286.32 1019 76 3.1 150 90
-0.76578 41.83043 249.021 285.15 1020 71 1 110 40
1.17557 43.51127 250.031 286.39 1019 76 3.1 150 90
0.15 43.06667 250.181 284.15 1018 62 1 0 89
1.60117 43.59624 250.183 286.27 1019 76 3.1 150 90
-0.1 39.93333 250.467 290.49 1013.25 59.6 3.26 169 34
1.22937 43.53524 251.157 286.37 1019 76 3.1 150 90
-0.78984 41.86775 251.762 285.15 1020 71 1 110 40
3.42384 43.45953 252.519 288.15 1019 82 4.1 90 90
-0.8235 41.76916 252.603 285.15 1020 71 1 110 40
1.29749 43.56566 252.735 286.3 1019 76 3.1 150 90
-0.08499 39.88901 252.765 290.49 1013.25 59.6 3.26 169 34
1.49944 43.61111 253.483 286.25 1019 76 3.1 150 90
2.29264 43.66442 253.582 283.02 966.58 89.7 4.2 104 98
1.44367 43.60426 253.773 286.07 1019 76 3.1 150 90
1.19096 43.55286 253.997 286.35 1019 76 3.1 150 90
1.27192 43.57622 254.459 286.3 1019 76 3.1 150 90
1.31922 43.58872 254.698 286.25 1019 76 3.1 150 90
-0.12943 39.89466 255.184 290.49 1013.25 59.6 3.26 169 34
3.3671 43.50621 255.426 288.15 1019 82 4.1 90 90
0.92976 43.49286 255.443 286.35 1019 76 3.1 150 90
-0.87734 41.65606 255.454 285.21 1020 71 1 110 40
3.6059 43.42504 255.574 288.15 1019 82 4.1 90 90
1.6634 43.65781 256.033 286.27 1019 76 3.1 150 90
3.48312 43.48087 256.684 288.15 1019 82 4.1 90 90
1.52384 43.64477 256.715 286.25 1019 76 3.1 150 90
3.6966 43.40176 256.841 288.15 1019 82 4.1 90 90
1.33278 43.61247 256.936 286.21 1019 76 3.1 150 90
3.08052 43.59786 257.058 288.15 1019 82 4.1 90 90
-0.90169 41.66124 257.524 285.34 1020 71 1 110 40
1.39399 43.63276 257.826 286.18 1019 76 3.1 150 90
-0.90757 41.64928 257.879 285.2 1020 71 1 110 40
-0.25 39.96667 257.94 287.1 947.54 61.5 2.33 182 41
1.23236 43.60028 257.964 286.29 1019 76 3.1 150 90
1.81858 43.69847 258.773 286.15 1019 76 3.1 150 90
1.48264 43.66042 259.129 286.23 1019 76 3.1 150 90
1.49941 43.6642 259.245 286.24 1019 76 3.1 150 90
-0.93268 41.59466 259.45 285.36 1020 71 1 110 40
2.32454 43.71723 259.564 283.02 966.58 89.7 4.2 104 98
1.23957 43.61793 259.661 286.28 1019 76 3.1 150 90
-0.15642 39.85362 259.932 290.49 1013.25 59.6 3.26 169 34
3.6778 43.4417 259.968 288.15 1021 82 5.1 110 75
-0.93349 41.64454 259.974 285.32 1020 71 1 110 40
1.53222 43.67778 260.166 286.25 1019 76 3.1 150 90
-0.93873 41.62965 260.259 285.33 1020 71 1 110 40
-0.1 43.01667 260.461 284.15 1018 62 1 0 89
-0.54987 42.56898 260.476 281.87 905.57 65.2 2.62 161 66
-0.84545 40.81267 260.561 286.25 915.07 50.1 0.67 223 100
3.15714 43.61553 260.815 288.15 1019 82 4.1 90 90
1.32407 43.64895 261.031 286.2 1019 76 3.1 150 90
1.42808 43.6702 261.194 286.21 1019 76 3.1 150 90
-0.96013 41.55575 261.457 285.4 1020 71 1 110 40
1.45603 43.67818 261.534 286.23 1019 76 3.1 150 90
2.69293 43.7066 261.603 283.02 966.58 89.7 4.2 104 98
3.4576 43.53944 261.737 288.15 1019 82 4.1 90 90
1.37518 43.66713 261.906 286.19 1019 76 3.1 150 90
-0.18333 39.85 261.918 290.49 1013.25 59.6 3.26 169 34
1.4344 43.6783 261.949 286.22 1019 76 3.1 150 90
3.6853 43.4614 262.179 288.15 1021 82 5.1 110 75
1.51397 39.07891 262.475 288.41 1021 87 2.1 220 20
0.1206 43.1958 262.519 284.15 1018 62 1 0 89
-0.14701 39.80907 262.661 290.49 1013.25 59.6 3.26 169 34
1.51049 43.69973 262.916 286.91 1019 76 3.1 150 90
1.392 43.68041 262.997 286.21 1019 76 3.1 150 90
3.60723 43.50095 263.108 288.15 1019 82 4.1 90 90
1.4344 43.69382 263.627 286.22 1019 76 3.1 150 90
3.754 43.44848 263.655 288.15 1021 82 5.1 110 75
1.59019 43.71982 263.848 286.26 1019 76 3.1 150 90
1.4102 43.6927 263.966 286.22 1019 76 3.1 150 90
1.46538 43.70242 263.991 286.23 1019 76 3.1 150 90
-0.05 43.1 264.043 284.15 1018 62 1 0 89
-0.99615 41.5388 264.356 285.42 1020 71 1 110 40
3.67083 43.48944 264.359 288.15 1021 82 5.1 110 75
1.28592 43.67296 264.441 286.23 1019 76 3.1 150 90
1.31886 43.68162 264.643 286.22 1019 76 3.1 150 90
0.09874 43.20736 264.649 284.15 1018 62 1 0 89
1.98938 43.76688 265.187 286.27 1001.42 70.7 4.04 127 90
1.47968 43.71586 265.196 286.24 1019 76 3.1 150 90
1.35509 43.69469 265.281 286.74 1019 76 3.1 150 90
-0.99487 41.71394 265.861 285.28 1020 71 1 110 40
0.05694 43.19622 265.945 284.15 1018 62 1 0 89
2.18885 43.77754 265.965 286.27 1001.42 70.7 4.04 127 90
0.10602 43.22915 266.106 284.15 1018 62 1 0 89
1.38462 43.71206 266.554 286.78 1019 76 3.1 150 90
1.43234 43.7236 266.887 286.23 1019 76 3.1 150 90
3.71167 43.50028 266.992 288.15 1021 82 5.1 110 75
-0.18742 39.78238 267.212 290.49 1013.25 59.6 3.26 169 34
0.08333 43.23333 267.653 284.15 1018 62 1 0 89
1.40762 43.7272 267.741 286.23 1019 76 3.1 150 90
0.09581 43.24337 267.847 284.15 1018 62 1 0 89
0.0257 43.19937 267.891 284.15 1018 62 1 0 89
3.69667 43.51667 268.013 288.15 1021 82 5.1 110 75
1.68511 43.775 268.625 286.15 1019 76 3.1 150 90
3.7975 43.4908 269.488 288.15 1021 82 5.1 110 75
1.29656 43.72354 269.614 286.24 1019 76 3.1 150 90
-0.03333 43.18333 269.803 284.27 1018 62 1 0 89
1.37089 43.74146 269.994 286.24 1019 76 3.1 150 90
0.87655 43.62627 270.751 286.33 1019 76 3.1 150 90
3.8017 43.5086 271.369 288.15 1021 82 5.1 110 75
-0.21667 39.75 271.491 289.15 1020 87 2.1 130 20
3.70556 43.54944 271.562 288.15 1021 82 5.1 110 75
0 43.23333 272.094 284.4 1018 62 1 0 89
1.60624 43.79861 272.24 286.15 1019 76 3.1 150 90
1.53409 38.98457 272.399 288.89 1021 87 2.1 220 20
1.73078 43.81713 272.74 287.69 1019 76 3.1 150 90
3.72 43.55889 273.038 288.15 1021 82 5.1 110 75
1.40522 43.78163 273.669 286.25 1019 76 3.1 150 90
1.72382 43.82512 273.696 286.15 1019 76 3.1 150 90
3.50209 43.64753 274.172 288.15 1021 82 5.1 110 75
3.77638 43.55057 274.413 288.15 1021 82 5.1 110 75
-0.11667 43.18333 274.454 284.59 1018 62 1 0 89
1.28333 43.76667 274.519 286.26 1019 76 3.1 150 90
1.35904 43.78367 274.777 286.25 1019 76 3.1 150 90
-1.10041 41.73657 274.86 285.35 1020 71 1 110 40
3.31667 43.71667 275.681 287.26 1013.25 80.7 2.68 102 88
1.81098 43.8525 275.863 286.27 1001.42 70.7 4.04 127 90
-0.25 39.71667 276.102 289.15 1020 87 2.1 130 20
3.5509 43.652 276.24 288.15 1021 82 5.1 110 75
3.86667 43.53333 276.395 288.15 1021 82 5.1 110 75
-0.21667 39.68333 276.584 289.15 1020 87 2.1 130 20
-1.11906 41.76964 276.869 285.4 1020 71 1 110 40
3.75981 43.58365 276.987 288.15 1021 82 5.1 110 75
0.41667 43.51667 277.18 285.37 81 1017 3.08 148 90
1.30362 38.98068 277.362 288.63 1021 87 2.1 220 20
3.92705 43.52805 278.422 288.15 1021 82 5.1 110 75
3.82603 43.57759 278.997 288.15 1021 82 5.1 110 75
3.80611 43.58639 279.059 288.15 1021 82 5.1 110 75
0.59143 43.60969 279.096 285.37 81 1017 3.08 148 90
2.16667 43.9 279.578 286.27 1001.42 70.7 4.04 127 90
-0.26667 39.68333 279.679 289.15 1020 87 2.1 130 20
-0.23333 43.16667 279.82 284.95 1018 62 1 0 89
1.38931 43.83931 280.203 286.15 1019 76 3.1 150 90
1.89686 43.9016 280.645 286.27 1001.42 70.7 4.04 127 90
3.58747 43.68448 280.752 288.15 1021 82 5.1 110 75
3.6969 43.64743 280.899 288.15 1021 82 5.1 110 75
1.29673 43.8292 280.94 286.15 1019 76 3.1 150 90
-0.23889 39.64167 281.176 289.15 1020 87 2.1 130 20
3.9046 43.56752 281.227 288.15 1021 82 5.1 110 75
1.50281 43.86708 281.26 286.15 1019 76 3.1 150 90
-0.48333 39.85 281.598 287.1 947.54 61.5 2.33 182 41
3.81056 43.61389 281.904 288.15 1021 82 5.1 110 75
0.05 43.38333 282.211 285.07 1018 62 1 0 92
1.43296 38.90883 282.445 289.02 1021 87 2.1 220 20
3.95203 43.56313 282.798 288.15 1021 82 5.1 110 75
-0.31667 39.68333 282.803 289.15 1020 87 2.1 130 20
2.148 43.9298 282.896 286.27 1001.42 70.7 4.04 127 90
-0.26667 43.18333 283.05 285.07 1018 62 1 0 97
-1.22444 41.33733 283.317 285.61 1020 71 1 110 40
0.58333 43.65 283.36 285.37 77 1017 1.54 140 90
-0.51667 39.85 283.841 287.1 947.54 61.5 2.33 182 41
3.72042 43.67159 284.152 288.15 1021 82 5.1 110 75
3.87723 43.61092 284.265 288.15 1021 82 5.1 110 75
1.28333 38.91667 284.691 288.82 1021 87 2.1 220 20
3.79864 43.64797 284.763 288.15 1021 82 5.1 110 75
-1.21357 41.79102 284.958 285.48 1020 71 1 110 40
1.23425 43.85446 284.984 286.15 1019 76 3.1 150 90
2.21667 43.95 285.163 286.27 1001.42 70.7 4.04 127 90
2.2113 43.95745 285.986 286.27 1001.42 70.7 4.04 127 90
-1.13716 42.12632 286.393 286.82 985.81 60.4 3.86 104 93
-0.3 39.61667 286.865 289.15 1020 87 2.1 130 20
3.9 43.63333 287.34 288.15 1021 82 5.1 110 75
-0.28333 43.23333 287.904 285.17 1017 66 3.1 110 0
-0.43333 43.11667 287.993 285.25 1017 66 3.1 110 0
-1.28007 41.60046 288.316 285.78 1020 71 1 110 40
4.13559 43.53881 288.632 287.84 1021 82 5.1 110 75
3.85439 43.66742 288.819 288.15 1021 82 5.1 110 75
4.08333 43.56667 288.837 287.92 1021 82 5.1 110 75
1.36628 43.91769 289.109 286.15 1019 76 3.1 150 90
-0.30333 39.58869 289.242 289.15 1020 87 2.1 130 20
3.88917 43.65833 289.314 288.15 1021 82 5.1 110 75
3.80492 43.69272 289.383 288.15 1021 82 5.1 110 75
3.83333 43.68333 289.551 288.15 1021 82 5.1 110 75
-0.43333 39.68333 290.201 289.15 1020 87 2.1 130 20
0.03578 43.46824 290.331 285.12 1017 76 3.1 90 92
4.00739 43.6181 290.343 288.02 1021 82 5.1 110 75
3.93976 43.64807 290.371 288.15 1021 82 5.1 110 75
-1.25343 41.91804 290.498 285.51 1020 71 1 110 40
3.91222 43.66139 290.532 288.15 1021 82 5.1 110 75
3.96583 43.64083 290.754 288.01 1021 82 5.1 110 75
-0.41667 39.65 291.616 289.15 1020 87 2.1 130 20
2.88915 43.95575 291.76 282.47 949.59 85.2 3.69 116 88
3.86463 43.69754 292.147 288.15 1021 82 5.1 110 75
3.97 43.65833 292.595 287.97 1021 82 5.1 110 75
-0.33333 39.56667 292.792 289.15 1020 87 2.1 130 20
-0.31667 39.55 293.081 289.15 1020 87 2.1 130 20
-1.34702 41.52228 293.47 285.81 1020 71 1 110 40
3.92889 43.68528 293.503 287.92 1021 82 5.1 110 75
-0.38333 43.23333 293.722 285.24 1017 66 3.1 110 0
4.19068 43.56683 293.725 287.75 1021 82 5.1 110 75
-0.31667 43.28333 293.74 285.25 1017 66 3.1 110 0
-0.35 39.56667 293.813 289.15 1020 87 2.1 130 20
0.98762 43.88286 294.024 287.62 1013.25 67.7 4.03 121 94
2.13166 44.03073 294.131 286.27 1001.42 70.7 4.04 127 90
-0.35 43.26667 294.353 285.26 1017 66 3.1 110 0
-1.31577 41.8683 294.623 285.53 1020 71 1 110 40
-1.2975 40.91933 294.883 286.04 913.97 51.9 3.84 234 100
4.01681 43.66267 294.958 287.92 1021 82 5.1 110 75
1.33839 43.96796 295.066 286.15 1019 76 3.1 150 90
3.98222 43.67972 295.141 287.92 1021 82 5.1 110 75
4.42913 43.45214 295.256 287.15 1021 82 3.1 130 74
-0.33333 39.53333 295.402 289.15 1020 87 2.1 130 20
-1.37451 41.4767 295.645 285.74 1020 71 1 110 40
-0.35 43.28333 295.652 285.28 1017 66 3.1 110 0
2.53554 44.03325 295.905 284.03 968.54 76.7 3.89 124 89
4.03105 43.66742 296.008 287.9 1021 82 5.1 110 75
1.23204 43.95816 296.137 286.15 1019 76 3.1 150 90
-0.26667 43.35 296.245 285.27 1017 66 3.1 110 0
2.12911 44.05037 296.316 286.27 1001.42 70.7 4.04 127 90
3.73066 43.7904 296.336 288.15 1021 82 5.1 110 75
2.15795 44.05099 296.368 286.27 1001.42 70.7 4.04 127 90
4.07495 43.65157 296.387 287.87 1021 82 5.1 110 75
-0.35 39.53333 296.414 289.15 1020 87 2.1 130 20
-0.35 39.53333 296.414 289.15 1020 87 2.1 130 20
-0.36667 43.28333 296.613 285.29 1017 66 3.1 110 0
-0.38333 39.55 297.153 289.15 1020 87 2.1 130 20
-0.36667 39.53333 297.43 289.15 1020 87 2.1 130 20
-0.36667 43.3 297.915 285.31 1017 66 3.1 110 0
-0.38694 43.2883 298.172 285.3 1017 66 3.1 110 0
-1.40468 41.5058 298.218 285.76 1020 71 1 110 40
-0.39551 39.54555 298.247 289.15 1020 87 2.1 130 20
4.11472 43.65806 298.722 287.79 1021 82 5.1 110 75
-0.45 39.58333 298.737 289.15 1020 87 2.1 130 20
-1.10646 40.3456 298.775 285.06 893.5 52.1 3 224 53
3.85814 43.76795 298.776 288.15 1021 82 5.1 110 75
-0.35 39.5 299.039 289.15 1020 87 2.1 130 20
4.0031 43.7125 299.132 287.84 1021 82 5.1 110 75
-0.4 39.53333 299.47 289.15 1020 87 2.1 130 20
4.0925 43.6789 299.71 287.8 1021 82 5.1 110 75
-0.4 43.3 299.838 285.33 1017 66 3.1 110 0
-0.36667 39.5 300.046 289.15 1020 87 2.1 130 20
1.35 44.01667 300.12 287.39 1013.25 68.2 4.24 125 95
0.66302 43.84824 300.29 284.78 1018 87 2.1 110 95
-0.41667 39.53333 300.495 289.15 1020 87 2.1 130 20
1.3 44.01667 301.058 287.39 1013.25 68.2 4.24 125 95
-0.4 43.31667 301.136 285.35 1017 66 3.1 110 0
-1.41492 41.11475 301.181 286.04 913.97 51.9 3.84 234 100
4.13611 43.67778 301.498 287.73 1021 82 5.1 110 75
1.46667 44.05 301.772 287.39 1013.25 68.2 4.24 125 95
-0.41667 39.51667 301.787 289.15 1020 87 2.1 130 20
4.17448 43.66424 301.934 287.68 1021 82 5.1 110 75
-0.35 43.36667 302.24 285.39 1017 66 3.1 110 0
-1.35541 40.788 302.812 286.04 913.97 51.9 3.84 234 100
-0.37739 39.46975 303.084 289.15 1020 87 2.1 130 20
-0.41667 43.33333 303.397 285.38 1017 66 3.1 110 0
-0.35 43.38333 303.574 285.4 1017 66 3.1 110 0
1.51978 44.07436 303.642 287.39 1013.25 68.2 4.24 125 95
-1.41994 41.90064 303.721 285.93 0 998 0 0 100
-0.55 39.6 303.824 289.15 1020 87 2.1 130 20
-0.43333 39.5 304.105 289.15 1020 87 2.1 130 20
-0.61069 43.19441 304.536 286.15 1017 66 3.1 110 0
-0.6 39.63333 304.608 289.15 1020 87 2.1 130 20
-0.41825 39.47523 305.122 289.15 1020 87 2.1 130 20
-0.53333 39.56667 305.244 289.15 1020 87 2.1 130 20
4.20999 43.68448 305.392 287.6 1021 87 3.1 130 75
1.41667 38.7 305.438 288.82 1021 87 2.1 220 20
0.31368 43.77183 305.752 285.37 81 1017 3.08 148 95
-0.43937 39.48139 305.926 289.15 1020 87 2.1 130 20
-0.58333 39.6 305.962 289.15 1020 87 2.1 130 20
4.23576 43.67923 306.07 287.56 1021 87 3.1 130 75
-0.42589 39.46588 306.321 289.15 1020 87 2.1 130 20
-0.38333 39.43333 306.339 289.15 1020 87 2.1 130 20
4.16667 43.71667 306.463 287.63 1021 87 3.1 130 75
-0.7 39.7 306.47 289.15 1020 87 2.1 130 20
1.44821 44.09049 306.476 287.39 1013.25 68.2 4.24 125 95
-0.46349 39.49139 306.626 289.15 1020 87 2.1 130 20
-0.38333 43.4 306.777 285.44 1017 66 3.1 110 0
1.1 44.03333 307.099 287.62 1013.25 67.7 4.03 121 94
-1.44503 41.98009 307.364 287.89 986.51 56.8 3.65 117 100
-0.38333 39.41667 307.673 289.15 1020 87 2.1 130 20
-0.41667 39.43333 308.337 289.15 1020 87 2.1 130 20
-0.46005 39.46569 308.416 289.15 1020 87 2.1 130 20
-1.2875 40.45325 308.42 283.65 883.19 59.1 4.06 222 69
-0.56667 39.55 308.605 289.15 1020 87 2.1 130 20
-0.4 39.41667 308.666 289.15 1020 87 2.1 130 20
4.14567 43.75402 309.054 287.62 1021 87 3.1 130 75
4.18066 43.7379 309.055 287.59 1021 87 3.1 130 75
-0.461 39.45568 309.257 289.15 1020 87 2.1 130 20
-0.43333 39.43333 309.34 289.15 1020 87 2.1 130 20
4.27705 43.69529 309.42 287.47 1021 87 3.1 130 75
4.08973 43.78534 309.657 287.67 1021 82 5.1 110 75
3.70784 43.9338 309.976 282.19 954.77 94.5 2.53 100 99
-0.4 39.4 310.002 289.15 1020 87 2.1 130 20
4.2212 43.73034 310.135 287.53 1021 87 3.1 130 75
0.62107 43.93464 310.423 284.7 1018 87 2.1 110 95
-0.61667 39.56667 310.557 289.15 1020 87 2.1 130 20
3.08333 44.1 310.891 282.47 949.59 85.2 3.69 116 88
-0.46546 39.43705 310.99 289.15 1020 87 2.1 130 20
-0.41667 39.4 310.994 289.15 1020 87 2.1 130 20
4.22109 43.74404 311.402 287.51 1021 87 3.1 130 75
-1.48526 42.02087 311.528 287.89 986.51 56.8 3.65 117 100
4.82609 43.38734 311.622 287.44 1022 76 1 0 65
-1.53271 41.83412 311.816 285.93 0 998 0 0 100
-0.81667 39.73333 312.08 286.97 1020 87 2.1 130 20
1.0228 44.06417 312.215 284.15 1018 87 2.1 110 94
1.53913 44.1608 312.84 287.39 1013.25 68.2 4.24 125 95
2.3431 44.1981 313.044 284.15 1019 71 4.6 130 89
-0.58333 43.33333 313.137 286.4 1017 66 3.1 110 0
-1.51272 41.99814 313.242 287.89 986.51 56.8 3.65 117 100
4.32338 43.71835 313.651 287.36 1021 87 3.1 130 75
-0.41667 39.36667 313.674 289.15 1020 87 2.1 130 20
1.24141 44.12791 314.195 287.62 1013.25 67.7 4.03 121 94
4.19626 43.78696 314.323 287.21 1021 87 3.1 130 75
-1.28283 42.57483 314.51 285.51 975.81 63.3 4.13 127 92
1.0945 44.10236 314.576 287.62 1013.25 67.7 4.03 121 94
-0.71667 39.6 314.624 289.15 1020 87 2.1 130 20
-0.43333 39.36667 314.661 289.15 1020 87 2.1 130 20
-1.60261 41.52387 314.744 285.93 0 998 0 0 100
4.26843 43.75857 314.85 287.2 1021 87 3.1 130 75
4.43024 43.67656 314.92 287.34 1021 87 3.1 130 75
-0.45 39.36667 315.652 289.15 1020 87 2.1 130 20
4.35 43.7283 315.785 287.18 1021 87 3.1 130 75
-0.55 43.4 316.285 286.3 1017 66 3.1 110 0
4.28713 43.76913 316.662 287.17 1021 87 3.1 130 75
4.31105 43.75827 316.74 287.17 1021 87 3.1 130 75
-1.62747 41.53818 316.859 285.93 0 998 0 0 100
-0.36667 39.28333 317.58 289.15 1020 87 2.1 130 20
-0.6 43.38333 317.92 286.4 1017 66 3.1 110 0
3.85572 43.96362 318.043 284.08 1002.99 94.4 1.39 84 100
-1.64318 41.35353 318.187 285.93 0 998 0 0 100
4.25232 43.80284 318.245 287.16 1021 87 3.1 130 75
3.9992 43.91341 318.385 287.66 1021 82 5.1 110 75
-1.44376 42.37908 318.87 285.51 975.81 63.3 4.13 127 92
4.22047 43.82536 318.968 287.15 1021 87 3.1 130 75
-0.03293 43.75856 319.588 285.28 1017 76 3.1 90 96
4.31035 43.78978 319.608 287.14 1021 87 3.1 130 75
0.89101 44.10823 320.226 284.15 1018 87 2.1 110 94
-0.41667 39.28333 320.462 289.15 1020 87 2.1 130 20
4.26664 43.82437 320.878 287.13 1021 87 3.1 130 75
-0.42598 39.28439 320.916 289.15 1020 87 2.1 130 20
-0.25 39.16667 320.949 289.84 995.02 64.4 2.09 138 32
-0.68333 39.48333 320.998 289.15 1020 87 2.1 130 20
-0.31114 39.2026 321.225 289.15 1020 87 2.1 130 20
0.37199 43.95816 321.58 284.92 1018 87 2.1 110 95
-1.60452 42.06166 322.107 287.89 986.51 56.8 3.65 117 100
4.9809 43.40657 322.109 287.34 1022 76 1 0 65
2.43184 44.27655 322.156 284.15 1019 71 4.6 130 92
4.94457 43.43774 322.382 287.88 1022 76 1 0 65
0.65141 44.06426 322.623 284.15 1018 87 2.1 110 95
0.10199 43.86055 323.017 285.37 81 1017 3.08 148 96
4.42753 43.7686 323.047 287.11 1021 87 3.1 130 75
4.37955 43.79509 323.231 287.01 1021 87 3.1 130 75
-0.88038 43.22684 323.74 288.15 1017 67 2.1 100 100
5.10431 43.33136 323.906 287.58 1022 76 1 0 65
-0.71667 39.46667 324.363 289.15 1020 87 2.1 130 20
-1.59719 42.17759 324.497 287.89 986.51 56.8 3.65 117 100
-0.36667 39.2 324.547 289.15 1020 87 2.1 130 20
-0.6 39.36667 324.707 289.15 1020 87 2.1 130 20
-0.46667 39.26667 324.735 289.15 1020 87 2.1 130 20
2.60513 44.2889 324.764 284.15 1019 71 4.6 130 92
4.63031 43.67681 324.848 286.78 1021 87 3.1 130 75
2.23819 44.30799 324.992 284.15 1019 71 4.6 130 99
4.60932 43.6945 325.316 286.81 1021 87 3.1 130 75
4.35 43.83333 325.401 286.89 1021 87 3.1 130 75
-0.38333 39.2 325.484 289.15 1020 87 2.1 130 20
-1.65582 42.03185 325.572 287.89 986.51 56.8 3.65 117 100
4.42853 43.79733 325.694 286.62 1021 87 3.1 130 75
4.51654 43.75329 325.907 286.6 1021 87 3.1 130 75
-0.68333 39.41667 326.017 289.15 1020 87 2.1 130 20
5.05526 43.40735 326.569 287.32 1022 76 1 0 65
5.15237 43.33139 326.857 287.6 1022 76 1 0 65
2.53552 44.31439 327.015 284.15 1019 71 4.6 130 92
-0.6 39.33333 327.322 289.15 1020 87 2.1 130 20
-0.35 39.15 327.858 289.15 1020 87 2.1 130 20
5.01702 43.45488 327.92 287.53 1022 76 1 0 65
-1.63459 42.19653 328.01 287.89 986.51 56.8 3.65 117 100
4.43088 43.82725 328.521 286.6 1021 87 3.1 130 75
-0.56667 39.28333 329.287 289.15 1020 87 2.1 130 20
-1.73333 41.9 329.315 287.89 986.51 56.8 3.65 117 100
0.66176 44.13449 329.502 284.15 1018 87 2.1 110 95
-0.7 39.38333 329.601 289.15 1020 87 2.1 130 20
4.47247 43.81855 329.662 286.59 1021 87 3.1 130 75
-0.43333 39.18333 329.712 289.15 1020 87 2.1 130 20
2.05 44.35 329.76 284.15 1019 71 4.6 130 99
-0.51667 39.23333 330.38 289.15 1020 87 2.1 130 20
-0.26667 39.06667 330.55 289.84 995.02 64.4 2.09 138 32
4.21667 43.95 330.59 286.64 1021 82 0.5 280 100
-0.56667 39.26667 330.624 289.15 1020 87 2.1 130 20
2.5514 44.34638 330.676 284.15 1019 71 4.6 130 92
4.98333 43.51667 330.76 287.26 1022 76 1 0 65
-1.79353 41.33092 330.823 285.53 921.87 56 5.39 227 100
-0.21667 39.03333 330.865 290.25 1013.25 71.2 3.43 151 29
-1.37252 42.78633 331.187 283.76 949.69 71.1 4.68 175 100
4.8127 43.63955 331.22 287.13 1021 76 1 170 75
5.16667 43.38333 331.502 287.47 1021 72 4.1 140 75
2.57338 44.35258 331.535 284.15 1019 71 4.6 130 92
-0.46667 39.18333 331.612 289.15 1020 87 2.1 130 20
-1.68951 42.16912 331.641 287.89 986.51 56.8 3.65 117 100
5.20357 43.35464 331.687 287.61 1021 72 4.1 140 75
3.98545 44.05409 331.693 284.08 1002.99 94.4 1.39 84 100
4.00861 44.0475 331.893 286.15 1021 82 0.5 280 100
4.49771 43.83117 331.984 286.58 1021 87 3.1 130 75
4.44517 43.8596 332.126 286.57 1021 87 3.1 130 75
-0.5 39.2 332.147 289.15 1020 87 2.1 130 20
-0.78333 39.41667 332.338 287.07 1020 87 2.1 130 20
-1.68333 42.21667 332.462 287.89 986.51 56.8 3.65 117 100
-0.43333 39.15 332.509 289.15 1020 87 2.1 130 20
-0.53333 39.21667 332.714 289.15 1020 87 2.1 130 20
0.10574 38.84078 332.977 290.25 1013.25 71.2 3.43 151 29
0.62905 44.16006 333.13 284.15 1018 87 2.1 110 95
3.88566 44.10523 333.258 284.08 1002.99 94.4 1.39 84 100
4.70953 43.72806 333.292 286.66 1021 87 3.1 130 75
-0.15 38.96667 333.436 290.25 1013.25 71.2 3.43 151 29
-1.64962 42.34129 333.632 285.51 975.81 63.3 4.13 127 92
0.66759 44.18518 334.544 284.15 1018 87 2.1 110 95
3.05929 44.32429 334.696 282.02 934.29 75.2 3.18 136 86
4.56327 43.82809 334.815 286.55 1021 87 3.1 130 75
-0.45 39.13333 334.852 289.15 1020 87 2.1 130 20
-0.13286 38.94143 334.873 290.25 1013.25 71.2 3.43 151 29
-0.18333 38.96667 335.117 290.25 1013.25 71.2 3.43 151 29
4.41629 43.90798 335.255 286.54 1021 87 3.1 130 75
5.25112 43.36987 335.717 287.62 1021 72 4.1 140 75
-0.16667 38.95 335.783 290.25 1013.25 71.2 3.43 151 29
0.16667 38.78333 335.802 290.25 1013.25 71.2 3.43 151 29
4.05225 44.07126 335.854 286.15 1021 82 0.5 280 100
-0.77244 43.48838 336.066 286.6 1017 67 2.1 100 93
-0.31667 39.03333 336.131 289.84 995.02 64.4 2.09 138 32
5.23348 43.39145 336.18 287.61 1021 72 4.1 140 75
5.03324 43.54946 336.185 287.51 1021 72 4.1 140 75
-0.11935 38.91971 336.189 290.25 1013.25 71.2 3.43 151 29
4.49072 43.88229 336.287 286.54 1021 87 3.1 130 75
-1.66667 42.38333 336.383 285.51 975.81 63.3 4.13 127 92
0.01034 38.84709 336.729 290.25 1013.25 71.2 3.43 151 29
-1.75016 42.18032 336.792 285.42 931.59 60.3 2.71 164 100
5.21453 43.41604 336.807 287.35 1021 72 4.1 140 75
4.64417 43.80806 336.965 286.52 1021 87 3.1 130 75
0.63333 44.2 337.101 284.15 1018 87 2.1 110 95
5.00464 43.58666 337.489 287.22 1021 72 4.1 140 75
2.60324 44.40484 337.562 284.15 1019 71 4.6 130 92
4.66028 43.80583 337.563 286.51 1021 87 3.1 130 75
4.80497 43.72236 337.741 286.56 1021 76 1 170 75
4.07506 44.08256 337.818 286.15 1021 82 0.5 280 100
-1.78563 42.11507 337.979 285.42 931.59 60.3 2.71 164 100
0.60275 44.20143 338.183 284.15 1018 87 2.1 110 95
0.0172 38.82817 338.192 290.25 1013.25 71.2 3.43 151 29
5.23396 43.41957 338.249 287.59 1021 72 4.1 140 75
4.72163 43.78112 338.477 286.5 1021 76 1 170 75
4.87089 43.68997 338.519 287.11 1021 76 1 170 75
-1.80458 42.07937 338.668 285.42 931.59 60.3 2.71 164 100
0.67924 44.22867 338.689 284.15 1018 87 2.1 110 95
-1.65196 42.47971 338.706 285.51 975.81 63.3 4.13 127 92
5.17044 43.47809 338.739 287.41 1021 72 4.1 140 75
5.38107 43.29695 338.807 287.28 1021 72 4.1 140 75
2.03333 44.43333 339.063 284.15 1019 71 4.6 130 99
-0.59172 43.65893 339.244 285.59 1017 76 3.1 90 94
4.55958 43.87974 339.268 286.52 1021 87 3.1 130 75
-1.74628 42.27933 339.297 285.51 975.81 63.3 4.13 127 92
4.12478 44.08003 339.46 286.15 1021 82 0.5 280 100
0.35 44.13333 339.711 284.6 1018 87 2.1 110 95
-1.76588 42.2416 339.743 285.42 931.59 60.3 2.71 164 100
-0.46667 39.08333 340.012 289.84 995.02 64.4 2.09 138 32
-0.51667 39.11667 340.023 289.84 995.02 64.4 2.09 138 32
-1.73714 42.32794 340.081 285.51 975.81 63.3 4.13 127 92
0.08538 38.77443 340.212 290.25 1013.25 71.2 3.43 151 29
-1.03333 43.32867 340.474 288.15 1017 67 2.1 100 93
0.03411 38.79312 340.731 290.25 1013.25 71.2 3.43 151 29
4.5996 43.87596 340.826 286.5 1021 87 3.1 130 75
0.64516 44.24029 340.896 284.15 1018 87 2.1 110 95
0.14354 38.73273 341.682 289.45 1013.25 73.1 3.29 181 38
0.55061 44.22095 341.806 284.15 1018 87 2.1 110 95
5.24861 43.46 342.097 287.28 1021 72 4.1 140 75
-0.45543 39.05126 342.117 289.84 995.02 64.4 2.09 138 32
-1.67446 42.52686 342.241 285.51 975.81 63.3 4.13 127 92
5.31306 43.41028 342.439 287.39 1021 72 4.1 140 75
5.06881 43.60357 342.461 287.23 1021 72 4.1 140 75
-1.85756 42.0577 342.471 285.42 931.59 60.3 2.71 164 100
-1.56152 42.73258 342.488 285.51 975.81 63.3 4.13 127 92
-0.51167 39.07741 343.036 289.84 995.02 64.4 2.09 138 32
4.08333 44.13333 343.116 286.15 1021 82 0.5 280 100
-0.11707 38.84305 343.127 290.25 1013.25 71.2 3.43 151 29
5.23387 43.48761 343.246 287.39 1021 72 4.1 140 75
-0.20795 38.88566 343.684 290.25 1013.25 71.2 3.43 151 29
0.10383 38.7294 343.719 289.45 1013.25 73.1 3.29 181 38
5.5451 43.21241 343.922 287.62 1021 72 4.1 140 75
-0.48978 39.05059 344.08 289.84 995.02 64.4 2.09 138 32
-0.92448 43.47422 344.091 288.15 1017 67 2.1 100 93
-1.92244 41.85588 344.133 285.42 931.59 60.3 2.71 164 100
4.06667 44.15 344.145 286.15 1021 82 0.5 280 100
-0.30926 43.88906 344.363 285.15 1017 76 3.1 90 98
-1.80017 42.31562 344.666 286.69 980.49 58.4 3.97 120 100
4.83167 43.78848 344.732 286.45 1021 76 1 170 75
5.36596 43.39834 344.879 287.5 1021 72 4.1 140 75
4.41529 44.01362 345.012 286.38 1021 82 0.5 280 98
4.56798 43.93949 345.055 286.47 1021 82 0.5 280 98
-1.88762 40.84358 345.183 284.34 904.5 60.5 5.58 228 98
5.13167 43.59237 345.185 287.24 1021 72 4.1 140 75
-1.80034 42.33834 345.39 286.69 980.49 58.4 3.97 120 100
5.1943 43.55104 345.658 287.49 1021 72 4.1 140 75
4.78152 43.83114 345.824 286.46 1021 76 1 170 75
1.43663 44.4491 345.824 286.42 1000.57 70.8 3.21 142 99
4.12988 44.14415 345.922 286.15 1021 82 0.5 280 100
2.72432 44.4705 345.969 284.15 1019 71 4.6 130 92
0.29825 44.17785 345.988 284.61 1018 87 2.1 110 95
4.08364 44.16315 346.066 286.15 1021 82 0.5 280 100
4.68096 43.89174 346.142 286.46 1021 76 1 170 75
-0.57357 43.75727 346.384 285.15 1017 76 3.1 90 98
-0.06278 38.78041 346.385 290.25 1013.25 71.2 3.43 151 29
-1.85214 42.23475 346.419 285.42 931.59 60.3 2.71 164 100
-1.79321 42.38966 346.497 286.69 980.49 58.4 3.97 120 100
